DIMENSION : 2341
DRIVERS : 41
RIDERS : 120
NODE_COORD_SECTION
3006329516 12.53 45.46
3006525260 12.54 45.47
427043064 12.52 45.46
7359781414 12.68 45.52
7357041369 12.68 45.51
4753745280 12.67 45.57
4753359102 12.66 45.55
1303944143 12.38 45.42
1456859333 12.39 45.42
2770424176 12.36 45.4
2976103426 12.37 45.41
1850647973 12.37 45.4
605045038 12.48 45.61
2603262987 12.47 45.62
473810205 12.55 45.59
451046151 12.49 45.61
3048232685 12.52 45.6
3717473626 12.64 45.53
1223255045 12.64 45.54
7333329790 12.63 45.53
3267957065 12.62 45.53
3327486032 12.31 45.44
1331978413 12.27 45.46
5623205856 12.28 45.5
2999709445 12.2 45.45
2086870796 12.2 45.44
947315221 12.24 45.51
2850936981 12.25 45.51
1316063983 12.26 45.51
4283819596 12.27 45.5
8306885030 12.25 45.5
4680277110 12.25 45.49
9513472550 12.24 45.5
6362104586 12.26 45.47
6183271212 12.26 45.46
4515163944 12.22 45.48
1025535610 12.23 45.48
8060434043 12.23 45.49
5623213685 12.29 45.5
499997428 12.27 45.47
6388918650 12.24 45.49
7211255053 12.28 45.51
8541439164 12.26 45.49
8541439238 12.27 45.49
6367065288 12.27 45.55
6391205678 12.34 45.58
1828804091 12.43 45.55
9062165140 12.44 45.55
9347449574 12.44 45.56
9343088871 12.23 45.5
7102018235 12.23 45.51
3409392866 12.25 45.52
8064779392 12.24 45.48
3007073428 12.55 45.47
7512308856 12.63 45.5
7512308800 12.62 45.5
1960550080 12.63 45.51
1969407295 12.61 45.5
7323500242 12.64 45.5
7329888079 12.64 45.51
1436020223 12.66 45.52
7352544514 12.67 45.52
469411677 12.66 45.51
7333329645 12.65 45.52
1035637131 12.27 45.53
281852152 12.28 45.53
6406289411 12.26 45.52
8366042349 12.29 45.54
1950148649 12.27 45.54
987904959 12.29 45.53
8365766515 12.3 45.56
6367064883 12.28 45.55
9469210550 12.26 45.55
3903484155 12.22 45.5
5016866945 11.95 45.42
346332496 11.95 45.41
879374016 12.05 45.44
6432474048 11.97 45.42
666389791 12.31 45.58
662579318 12.32 45.58
1034645939 12.25 45.53
1035637146 12.26 45.53
349064706 12.24 45.53
2122721522 12.29 45.51
4291093285 12.3 45.51
1570758821 12.3 45.52
6389083027 12.23 45.55
9401054648 12.36 45.41
9176662872 12.28 45.52
5610845669 12.31 45.52
1323363883 12.28 45.49
7291567293 12.27 45.52
8857255368 12.27 45.48
5368655334 12.22 45.52
1150612703 12.22 45.51
3006922836 12.55 45.48
4796933368 12.26 45.5
5068623963 12.27 45.56
6364675132 12.29 45.56
8262477823 12.25 45.55
1447889216 12.33 45.58
6453806837 12.31 45.56
7966378351 12.32 45.59
6413820164 12.35 45.58
4753071667 12.37 45.57
4425482444 12.3 45.53
8366042344 12.3 45.54
4307333634 12.18 45.45
1550968929 12.19 45.45
565478915 12.16 45.46
2563190454 12.16 45.45
9392808096 12.21 45.45
6364617524 12.31 45.55
8558127967 12.09 45.57
4961929180 12.1 45.57
8254276140 12.1 45.56
6649375557 12.13 45.48
4719379014 12.14 45.48
2916411873 12.13 45.49
6364414089 12.14 45.49
2934093334 12.14 45.5
7059842027 12.55 45.62
1591720609 12.54 45.62
1932943497 12.55 45.61
1459907331 12.37 45.42
2125397267 12.36 45.39
8358744095 12.35 45.38
1289524275 12.33 45.36
5001822525 12.32 45.35
7075652318 11.95 45.38
4301316572 11.96 45.41
3684095282 12.32 45.6
3988928633 12.33 45.62
860543673 12.34 45.62
3684504390 12.33 45.61
4431339101 12.21 45.47
1464528393 12.24 45.47
1242174175 12.23 45.47
2473725190 12.12 45.43
7656151086 12.13 45.43
8176887684 12.11 45.59
1505629771 12.1 45.59
6435307048 12.1 45.58
8615118663 12.09 45.59
1505641972 12.09 45.6
621462223 12.08 45.59
1862820849 12.15 45.44
1670880033 12.15 45.43
2837305878 12.09 45.41
1599119810 12.09 45.4
3092432319 12.09 45.42
3842993324 12.04 45.29
6469777560 12.03 45.29
2466344274 12.04 45.3
6989984430 12.07 45.3
4760153311 12.47 45.45
1695775143 12.52 45.47
426938602 12.53 45.47
3006620010 12.5 45.47
1695784916 12.51 45.47
1830588655 12.44 45.44
1830588992 12.44 45.45
427098386 12.45 45.44
9163036373 12.45 45.45
1695775026 12.51 45.46
6952255286 11.96 45.38
7993186782 11.94 45.38
6471792517 12.01 45.24
9411488752 12.02 45.24
5198579695 12.02 45.25
771470579 12.01 45.25
1456606941 12.03 45.24
6471855307 12.03 45.25
3796164756 12.07 45.23
1456609328 12.06 45.23
1833291908 12.02 45.23
7851443309 11.97 45.26
908225983 12.0 45.24
343701668 12.33 45.57
3708700059 12.35 45.57
1997477677 12.34 45.57
4752646949 12.4 45.6
8789265201 12.39 45.6
2933552540 12.57 45.48
1478903182 12.58 45.49
1475878889 12.47 45.46
3199728190 12.48 45.46
427098232 12.48 45.45
4885389324 12.43 45.62
4939073015 12.44 45.62
8887778476 12.43 45.63
8266660877 12.41 45.61
282436105 12.47 45.64
2933552573 12.57 45.47
1695794229 12.56 45.47
7813951709 12.49 45.45
1972780422 12.5 45.45
2204641570 12.42 45.42
427053535 12.43 45.43
27176717 12.42 45.44
1736524769 12.42 45.43
3991294199 12.43 45.42
8273740507 12.43 45.45
5785192280 11.89 45.4
5340613966 11.89 45.39
207093945 11.91 45.41
5344503469 11.91 45.4
3709929589 11.9 45.4
6330508265 11.9 45.41
8339420971 11.88 45.4
2463088528 11.88 45.39
7760065309 11.87 45.39
333591782 11.87 45.4
7328926491 11.86 45.38
738027750 11.85 45.37
2913900824 11.92 45.41
336774772 11.91 45.42
7084418051 11.92 45.42
1719837746 11.93 45.41
5752101502 11.88 45.41
2062760246 11.91 45.51
7370739364 11.9 45.5
315992699 11.91 45.52
5139297199 11.89 45.43
7588807570 11.89 45.44
6621402013 11.9 45.42
5527492583 11.87 45.41
5061921111 11.86 45.4
3605117173 11.86 45.41
4752167683 12.4 45.63
4752167687 12.39 45.63
666389777 12.3 45.58
3668810292 12.11 45.54
34067370 12.1 45.54
1631493322 12.11 45.55
8254396989 12.11 45.56
9127005590 11.87 45.42
1640736722 12.6 45.49
1732756191 12.16 45.61
9132416086 12.24 45.56
8263799497 12.25 45.56
1670720215 11.84 45.41
760657144 11.84 45.4
1716795821 11.85 45.4
7097874922 11.85 45.41
2460762089 12.11 45.43
3164158739 12.09 45.44
5105426756 12.25 45.48
1771323646 11.92 45.4
6445401740 11.93 45.4
1689232392 11.85 45.38
5792497393 11.89 45.41
4733309767 12.29 45.48
1988305454 12.3 45.48
7721449205 12.3 45.49
345161354 11.9 45.43
6466301530 12.24 45.52
1281460516 12.25 45.47
4033385824 11.88 45.42
3403617507 11.82 45.4
760657133 11.83 45.4
8267890330 11.82 45.41
2737516049 11.89 45.42
294605669 11.87 45.43
6456775615 11.88 45.43
8060528104 12.19 45.48
7207845571 12.18 45.48
618772090 12.19 45.49
3079699181 12.18 45.49
9510009537 12.21 45.49
971072009 12.11 45.48
6450942679 12.11 45.45
2502555234 12.12 45.45
2954540348 11.83 45.38
1835398617 12.3 45.19
1553045909 12.3 45.2
8575386134 12.29 45.2
9312886950 12.2 45.5
1716455085 11.86 45.39
9421509429 11.9 45.39
986770231 11.84 45.45
2940581143 11.83 45.46
306438083 11.85 45.45
1582985319 11.84 45.46
8839318554 11.86 45.43
3605117177 11.86 45.42
141541369 11.86 45.44
986560331 11.85 45.43
756695968 11.81 45.35
4914317408 11.8 45.35
1830194034 12.29 45.19
9438086811 12.16 45.49
6979280031 12.17 45.5
7849431559 12.17 45.49
6380526844 12.15 45.49
1870284624 12.06 45.45
4066961423 11.84 45.38
7090391945 11.93 45.39
4113760928 11.92 45.38
9510009457 12.22 45.49
8428214671 12.11 45.57
574793757 12.23 45.6
529392985 12.23 45.59
360621921 12.22 45.6
312077380 12.21 45.61
1277574867 12.21 45.6
6412242011 12.22 45.61
6415675163 12.2 45.61
424429735 12.21 45.62
6400377324 12.24 45.55
1332072643 12.34 45.52
1332065927 12.33 45.52
596669108 12.33 45.5
5641864538 11.85 45.42
1907412236 12.58 45.48
5052319601 12.58 45.47
3118105322 11.83 45.41
6564729602 11.83 45.39
1794862974 12.06 45.58
3856237203 12.05 45.58
8059297168 12.21 45.48
1757464234 12.11 45.51
4964577342 12.1 45.51
6960439428 12.16 45.6
1732763109 12.15 45.6
6631824141 11.88 45.44
369689099 12.12 45.25
256328352 12.12 45.26
2509570780 12.13 45.25
664453922 12.28 45.57
9142261952 12.28 45.58
310583984 12.27 45.58
3684154808 12.26 45.58
6461012086 12.27 45.59
664447840 12.29 45.58
2018754450 12.29 45.59
2505583663 12.17 45.46
8515519065 12.21 45.46
3171785779 11.94 45.53
3895272408 11.94 45.54
3895272409 11.95 45.53
2743730018 11.96 45.53
2761628233 11.96 45.54
6757827058 11.93 45.52
4069764573 11.77 45.24
3589873551 11.77 45.23
2021964033 11.8 45.28
626581773 11.77 45.25
6373434622 11.93 45.56
2180145775 12.18 45.51
5798011737 12.19 45.51
7966378520 12.31 45.59
262415991 12.22 45.47
6757777880 11.98 45.53
5687393168 12.08 45.45
6435656174 12.08 45.44
5687393227 12.07 45.45
1870284608 12.09 45.45
8465611041 11.99 45.47
452614923 11.99 45.46
6372021511 12.0 45.47
4309900372 11.98 45.46
8223979626 12.02 45.46
3993684193 12.0 45.46
2764517871 12.02 45.47
6447304308 12.03 45.46
4431187743 12.26 45.48
6632275025 11.87 45.44
7208087278 11.87 45.45
5068853295 12.24 45.57
3913600192 12.23 45.57
655119026 12.23 45.58
7484989815 12.18 45.56
9134872280 12.17 45.56
331227044 12.18 45.57
6444548772 12.17 45.57
1952673288 12.18 45.58
331227039 12.19 45.57
5409780233 12.13 45.44
8219807231 11.74 45.24
4409800903 11.74 45.23
7374982457 12.2 45.48
7313888945 11.91 45.37
4950412092 11.9 45.37
330870502 11.92 45.39
331471101 11.91 45.38
1373625040 12.03 45.21
1602742235 12.04 45.21
7705776882 12.32 45.5
5030920947 12.31 45.49
1323760149 12.31 45.5
1323827776 12.3 45.5
6918065999 12.31 45.43
9160502582 12.45 45.46
1736176412 12.43 45.44
2204461693 12.48 45.47
3199762292 12.48 45.48
1694928928 12.47 45.47
426938583 12.52 45.48
2390421933 12.48 45.49
1468440918 12.5 45.49
1457045790 12.33 45.37
174284878 12.5 45.46
1830589457 12.49 45.46
3006301718 12.46 45.45
1476182928 12.46 45.46
6150280645 12.28 45.21
1801510418 12.29 45.21
1830194076 12.27 45.21
6402457484 12.27 45.2
2526347253 12.27 45.22
2556159485 12.19 45.22
888681852 12.21 45.22
7724861409 12.2 45.22
5732184840 12.28 45.19
4336855876 12.27 45.19
6380353686 12.28 45.2
7242728983 12.27 45.18
3944569707 12.26 45.2
3092185763 12.02 45.21
1373625184 12.03 45.22
1177507058 12.0 45.21
270123860 12.02 45.22
6466520714 11.96 45.42
2934375294 12.04 45.44
2743080654 12.01 45.43
926199725 12.28 45.22
8781064793 12.56 45.48
1499474302 12.22 45.55
620085646 12.22 45.56
2392797522 12.12 45.44
6456812973 12.23 45.56
351143910 12.21 45.55
281273429 12.22 45.54
297058561 12.21 45.54
424375750 12.21 45.56
360631255 12.2 45.55
9371151973 12.15 45.54
6389083036 12.23 45.54
3459082439 12.29 45.55
8365766367 12.3 45.55
2463870960 12.31 45.54
303780781 12.24 45.54
8977870641 12.5 45.64
9558418772 12.51 45.64
1941974682 12.5 45.63
1911709332 12.74 45.63
1507544123 12.73 45.62
7499325792 12.69 45.6
7422765967 12.7 45.6
2444516688 11.86 45.37
5214262092 12.37 45.62
5747910585 12.38 45.62
4752167698 12.4 45.62
6355829059 12.4 45.61
1816051671 12.41 45.63
7359781470 12.69 45.52
1945602899 12.7 45.52
1944924889 12.7 45.53
1436020477 12.71 45.53
1562472910 12.69 45.53
727380426 11.97 45.38
1592532898 11.98 45.38
4895244569 11.97 45.39
1032342183 11.96 45.39
2837234472 11.99 45.4
1542007099 12.0 45.41
480361197 12.0 45.4
6395249027 11.99 45.41
1613275171 11.98 45.39
2028076995 11.98 45.4
3838975791 11.94 45.41
6445401741 11.94 45.4
1060310419 11.94 45.42
2464149730 11.95 45.4
7615899598 11.94 45.39
6615147342 11.95 45.39
5236853076 12.1 45.55
8557912135 12.07 45.55
8557912130 12.06 45.55
9192825378 12.07 45.54
7191510360 11.98 45.37
1591709577 11.97 45.37
1592488711 11.99 45.37
1583666787 12.01 45.34
3543801514 12.0 45.35
1326052364 12.31 45.48
9326992676 12.29 45.49
4163150432 11.76 45.23
1813938222 11.82 45.53
782665853 11.83 45.53
1883675403 11.84 45.53
1539601839 11.84 45.54
3700705859 11.85 45.53
6449545026 11.85 45.54
7182751635 11.84 45.55
1886552242 11.85 45.55
9126508636 11.85 45.56
3240796818 11.83 45.55
6462486270 11.84 45.56
1385222730 11.85 45.57
1385222741 11.84 45.57
1385721237 11.86 45.57
9332364631 11.85 45.58
1385721283 11.86 45.58
8280943693 12.09 45.61
297516250 12.1 45.61
14551402 12.39 45.53
3385502970 11.96 45.4
4283874121 11.96 45.37
2920707732 11.75 45.23
1918595850 11.86 45.33
1925487138 11.85 45.33
4788603181 11.83 45.34
6388734011 11.82 45.34
4459587454 11.84 45.33
729858832 11.84 45.34
3805920996 11.87 45.35
7702623862 11.86 45.35
7603213407 11.86 45.34
6447257143 12.22 45.57
471822538 11.85 45.34
1667314470 11.87 45.34
1830714863 11.86 45.36
3076488899 12.15 45.45
1461441260 11.87 45.36
3045496449 12.28 45.54
6980480179 11.88 45.38
914964019 11.88 45.37
442231205 11.88 45.36
4728859747 11.89 45.36
9045411731 12.1 45.6
9487495861 12.11 45.6
9129144054 12.2 45.56
9110445571 12.19 45.56
8905333378 12.11 45.61
3685726674 12.26 45.6
2018609312 12.26 45.59
986150111 12.31 45.57
8114000618 12.28 45.56
664447321 12.27 45.57
2247029777 11.88 45.35
3685828202 12.25 45.6
2018609290 12.25 45.59
7908835350 11.85 45.39
6456811708 12.12 45.56
2404189952 11.87 45.38
2696544463 12.33 45.51
1059882922 12.32 45.52
913443351 11.85 45.36
4439406662 12.25 45.57
2018609111 12.25 45.58
310295587 12.24 45.58
620021007 12.26 45.57
300856263 12.3 45.57
986167582 12.29 45.57
1988237836 12.26 45.56
2759356229 12.58 45.63
892765143 12.58 45.62
5602502101 12.34 45.51
3067594689 12.34 45.5
1080511399 12.22 45.45
7197463798 12.22 45.46
2848464584 12.21 45.51
305131588 12.2 45.57
1736615575 12.19 45.55
4419457546 12.2 45.47
2806702632 12.2 45.46
643897498 12.19 45.46
8062520254 12.2 45.49
282461876 12.69 45.63
2759355970 12.57 45.62
8454253266 12.56 45.62
6420677292 11.87 45.33
456025609 12.32 45.56
303763063 12.25 45.54
7588807571 11.9 45.44
553499790 12.23 45.53
517543282 12.24 45.6
3684314875 12.28 45.6
3685168404 12.29 45.6
6404871989 12.31 45.6
304798051 12.25 45.62
3685667766 12.25 45.61
6555491069 12.26 45.61
6378244450 12.24 45.61
540342219 12.23 45.61
529405896 12.24 45.59
304586447 12.24 45.62
8508368023 12.01 45.54
1146933908 12.02 45.54
4409800907 11.74 45.22
7794243032 11.96 45.34
1828499549 11.96 45.33
3755857487 11.97 45.33
3880332259 12.07 45.42
6553739934 11.73 45.22
1035679865 12.26 45.54
553510335 12.21 45.57
430631511 11.79 45.29
1278636847 11.78 45.29
1883697148 11.83 45.52
1539622870 11.82 45.55
1959189102 11.82 45.54
8089038315 11.83 45.54
2725153670 11.83 45.49
6443600579 11.83 45.48
6423627446 11.82 45.49
5484305299 11.93 45.42
1790063716 11.84 45.58
1883809706 11.85 45.48
8333570397 11.86 45.48
1255984043 11.89 45.48
8078142273 11.84 45.48
782833612 11.84 45.47
1385222668 11.86 45.56
1385739982 11.87 45.58
6442245516 11.87 45.59
2973726369 11.89 45.58
3667200430 11.88 45.59
3667425867 11.89 45.59
7916565641 11.84 45.35
1769600681 11.83 45.35
1420487115 12.68 45.63
370938514 12.69 45.65
9097539818 12.65 45.63
1420487302 12.67 45.64
1373530769 12.12 45.24
1716232268 12.15 45.22
1485656107 12.16 45.22
7089503746 12.21 45.58
6447257142 12.22 45.58
344714461 12.22 45.59
1919967801 11.75 45.22
3009474736 12.28 45.59
6450904585 12.13 45.36
2044284565 12.13 45.39
1680780048 12.13 45.32
6420288475 12.13 45.37
4656688246 12.13 45.38
4683684661 12.12 45.38
1551903693 12.13 45.41
4773395624 12.14 45.41
6360150995 12.15 45.41
2044030856 12.19 45.43
5151756046 11.84 45.37
2018754463 12.3 45.59
312076222 12.27 45.6
1583363739 12.44 45.63
1262564488 12.48 45.62
1262563901 12.46 45.62
6202720027 11.83 45.44
7813976674 11.82 45.44
313013208 12.25 45.41
2933252845 12.24 45.42
1550963313 12.2 45.43
8321514023 11.81 45.24
4077854132 11.81 45.23
974266931 11.82 45.23
4069685827 11.79 45.25
4069722304 11.78 45.25
3777504661 11.83 45.24
8321513934 11.83 45.25
3566586376 11.84 45.25
8321514038 11.82 45.24
581984170 11.84 45.24
8006575437 11.89 45.45
8092287448 11.9 45.45
2256071164 11.9 45.48
8467902516 11.91 45.48
6424822884 11.91 45.49
2268883757 11.92 45.49
6457192574 11.91 45.5
880541895 11.9 45.49
2113502328 11.89 45.49
2270267641 12.32 45.57
237377304 12.12 45.46
891032539 12.14 45.43
8410075222 12.12 45.49
5675925014 12.17 45.45
8506506187 11.95 45.58
1828117503 11.98 45.57
1633852174 11.99 45.57
3055030249 11.98 45.58
8507730406 11.98 45.56
2749994756 11.94 45.52
1978484632 11.95 45.52
1459106733 11.96 45.52
8082815248 11.93 45.51
1825508363 11.93 45.53
1219472530 11.92 45.51
768681953 11.84 45.42
6617663023 11.84 45.43
6355786012 11.92 45.47
8473228860 11.92 45.48
1537187433 11.92 45.5
5287697067 12.16 45.52
6970336757 12.15 45.52
3057249710 11.91 45.47
4829084655 11.93 45.49
7162206302 11.93 45.47
1810213289 11.93 45.48
6164781846 11.94 45.47
1412836117 11.91 45.44
4427002629 12.22 45.53
1765108404 12.19 45.54
8261912126 12.19 45.53
5301216877 12.18 45.54
5005776234 12.33 45.6
1211894647 11.96 45.32
6958194476 11.98 45.33
3546318570 11.99 45.33
3546222878 11.99 45.34
344470679 11.98 45.34
391487642 11.99 45.38
811519466 12.01 45.38
1826696840 12.02 45.38
1830668797 12.03 45.38
6388822025 12.17 45.44
32691705 12.18 45.44
2671846460 12.16 45.44
2290475644 12.17 45.43
6421093490 12.16 45.43
2045396870 12.18 45.43
1550968927 12.19 45.44
4011416689 11.91 45.45
3057209085 11.92 45.44
4966115047 11.91 45.46
1461483831 11.93 45.5
2447572587 11.87 45.54
4534059057 11.87 45.53
4377185653 11.88 45.53
2242567010 11.88 45.54
2365517968 12.17 45.42
2365517957 12.16 45.42
2045396868 12.18 45.42
2502780112 12.15 45.42
2668397747 12.14 45.42
2664892797 12.13 45.42
2439334625 12.14 45.46
1420708220 12.15 45.46
529509533 11.9 45.46
1972439364 11.9 45.47
3895114407 11.89 45.47
1206383524 11.93 45.44
6842808962 11.92 45.43
6408988494 11.92 45.46
1825608832 11.92 45.56
8330712783 11.92 45.45
9408550550 11.95 45.43
4579214232 11.93 45.55
1634133087 11.92 45.55
3826604463 11.93 45.54
4677233089 11.94 45.43
4677236318 11.94 45.44
2487303250 11.96 45.44
2759463296 11.95 45.44
5591753736 11.96 45.43
2831615094 11.98 45.44
7610174125 11.97 45.44
4829128469 11.94 45.49
2760418018 11.95 45.47
9031647014 11.96 45.49
6449388079 11.96 45.48
2750069094 11.97 45.49
4309888934 11.97 45.5
5537652856 11.89 45.46
8439485826 11.88 45.45
1532664498 11.87 45.46
7015000945 11.88 45.46
510195784 11.88 45.47
1255983486 11.87 45.47
1255983006 11.87 45.48
308027179 11.88 45.48
6450179560 11.91 45.43
5614807681 12.04 45.38
2637094918 12.05 45.38
1524579844 12.0 45.55
2338702665 11.94 45.59
7510776910 11.94 45.58
1801226740 11.95 45.59
7866271945 12.05 45.4
7849522219 12.05 45.39
1936489102 12.06 45.36
320024342 12.06 45.37
4327199434 12.05 45.37
2636863228 12.06 45.38
4307400195 12.04 45.39
1830668806 12.03 45.39
8125920836 12.07 45.38
9344143463 12.08 45.38
6466553908 12.07 45.39
1935710057 12.08 45.39
4916592372 12.0 45.38
9346645577 12.09 45.38
2472217361 11.97 45.54
2761628362 11.95 45.54
5650565768 11.96 45.55
1182750221 11.79 45.45
8154288599 11.8 45.45
1736160404 12.56 45.58
7511518726 12.57 45.58
1736160385 12.55 45.58
3048232674 12.59 45.59
1471321699 12.59 45.6
323136669 12.21 45.59
201475057 12.19 45.59
423137456 12.2 45.58
201475042 12.18 45.59
423137477 12.19 45.58
8789274327 12.36 45.58
8322303756 12.36 45.57
1277574858 12.2 45.6
4827812835 12.18 45.6
5301220665 12.14 45.56
574672955 12.14 45.57
4842400885 12.15 45.56
3296556866 12.13 45.56
574672903 12.13 45.57
603760914 12.12 45.57
8126732140 12.07 45.44
2489199986 11.96 45.45
2260016562 11.95 45.46
347108955 11.95 45.45
3058016267 11.98 45.47
2747913785 12.01 45.55
6410762154 12.02 45.55
8364722705 11.98 45.42
6424999207 12.09 45.54
659581869 12.08 45.54
8257888663 12.08 45.55
7734057483 12.75 45.63
1342178760 11.97 45.4
369993499 11.97 45.41
9277561354 11.98 45.36
6395771212 11.96 45.36
1751028319 11.95 45.37
1925272605 11.91 45.39
6122383348 11.93 45.36
578421663 11.93 45.38
8086140047 11.93 45.37
1559449373 12.03 45.47
2741807730 12.03 45.48
8443519775 12.02 45.48
4582552059 12.01 45.48
8461991962 12.01 45.47
8442491729 12.0 45.48
9308154406 11.9 45.38
1203765256 11.89 45.38
3053330574 12.04 45.58
3401616923 11.98 45.51
3401601295 11.97 45.51
1978511420 11.96 45.51
1825545642 11.98 45.55
2761628385 11.95 45.55
8663999368 11.93 45.34
1460899077 11.94 45.34
3231571674 11.94 45.37
9091372241 12.18 45.55
6122383301 11.94 45.36
912615787 11.95 45.36
6118502431 11.94 45.35
4303361068 11.93 45.35
316933186 11.93 45.43
2696829681 12.57 45.63
4587122511 12.59 45.64
512757787 12.6 45.64
331957943 12.6 45.65
412128957 12.61 45.65
4797289100 11.83 45.45
335706805 12.17 45.22
896779238 12.17 45.23
2767223839 12.18 45.22
6460689916 12.17 45.55
8884014943 12.16 45.56
4826744516 12.16 45.55
8734260536 11.82 45.39
4163656032 11.78 45.23
8534190581 11.79 45.23
2720695180 11.79 45.24
338828478 11.77 45.22
3172128843 11.8 45.29
429292110 11.81 45.29
4281735099 11.83 45.33
1377652037 11.81 45.3
703904620 11.87 45.37
5429686027 11.82 45.38
7987457824 11.84 45.39
5691236644 12.25 45.46
541998409 12.17 45.58
5819115470 11.83 45.36
748724074 11.83 45.37
4910957027 11.82 45.36
379636155 12.5 45.61
2539508329 12.0 45.39
443652281 11.99 45.39
1883697052 11.84 45.52
1676899123 11.83 45.51
377138843 11.85 45.44
347762970 12.56 45.65
1254602559 12.57 45.65
1440800554 12.56 45.61
986560888 11.84 45.44
6617771404 11.85 45.46
7383327878 11.79 45.35
1068488735 11.81 45.36
4914288341 11.8 45.36
769235209 12.01 45.41
7312138351 11.93 45.27
2225210554 11.93 45.26
2224933373 11.92 45.27
4167173354 11.86 45.28
4061572516 11.87 45.28
444006726 11.88 45.28
1460983357 11.87 45.29
1965649578 12.03 45.5
7160720482 12.03 45.51
1965400647 12.04 45.52
6449680309 12.05 45.52
3676084840 12.06 45.44
2438795734 12.12 45.47
6458153098 12.1 45.46
3708909041 12.14 45.55
3668968675 12.14 45.53
3867789201 12.15 45.55
8884014984 12.15 45.57
1997477653 12.33 45.56
3195428182 11.97 45.43
1591709077 11.97 45.36
1601758129 11.97 45.35
4945434283 11.96 45.35
344454505 11.99 45.36
6381267610 11.99 45.35
3543801524 12.0 45.36
2698657875 12.0 45.34
3755857488 11.97 45.34
1828575728 11.95 45.35
1845305714 12.07 45.31
9281252179 12.03 45.3
6958076341 12.05 45.29
483030515 12.01 45.36
483030264 12.01 45.37
344470928 11.98 45.35
1454916550 11.8 45.34
6412587301 11.79 45.34
6284664695 12.01 45.44
7011949951 11.81 45.39
6427957430 11.8 45.39
729815879 11.8 45.38
266794103 11.79 45.37
7221342445 11.79 45.38
5968542355 11.77 45.34
5832586250 11.79 45.32
391601514 12.0 45.37
2028076993 11.98 45.41
3057690024 12.03 45.36
797215545 12.04 45.36
320120904 12.03 45.35
416048866 12.05 45.34
8367795406 11.96 45.46
8518768333 12.19 45.47
347583136 11.82 45.29
469365175 12.57 45.61
4587689364 12.54 45.64
1537365937 12.55 45.64
894768016 12.58 45.65
3496752695 12.56 45.64
8222779460 12.51 45.65
8222742706 12.52 45.64
1937296925 12.52 45.63
580010386 12.51 45.63
6411975143 12.02 45.39
5431134565 12.01 45.4
482200398 11.99 45.42
480359641 12.0 45.42
8319953940 11.98 45.43
8354977642 11.99 45.44
1203360185 11.99 45.43
2427769800 12.0 45.44
1606839332 11.8 45.31
429878557 11.8 45.3
1583333199 11.79 45.3
729986122 12.6 45.59
729993357 12.61 45.59
914042429 12.51 45.61
4855608981 12.51 45.62
4429510388 12.18 45.53
6432757235 12.23 45.52
8260630595 12.18 45.52
5301216921 12.17 45.53
9091319573 12.17 45.54
8039554155 12.16 45.54
1593465409 11.78 45.32
5233638944 11.78 45.33
6733462147 11.77 45.35
5827889155 11.76 45.34
355881089 12.05 45.35
774653742 12.13 45.28
1681369675 12.13 45.29
3062776953 12.02 45.36
488512060 12.01 45.35
320120918 12.02 45.35
1583666751 12.02 45.34
7668843916 12.02 45.33
3543605574 12.01 45.33
3896971766 12.02 45.32
1283450865 12.03 45.32
1845382070 12.03 45.33
6395633768 12.04 45.32
2466090561 12.04 45.33
890467671 12.06 45.31
3896806843 12.05 45.31
3895853720 12.05 45.32
1283451090 12.04 45.31
3895262126 12.03 45.31
1882181723 11.73 45.24
465624016 11.72 45.22
549384323 12.53 45.62
892937560 12.53 45.63
560936635 12.56 45.6
1730364576 11.87 45.31
7503289572 11.88 45.31
979291372 11.9 45.31
8454573203 11.89 45.31
1769680563 11.83 45.32
4281817653 11.82 45.32
4791398150 11.85 45.32
4281733587 11.84 45.32
433316908 11.85 45.31
4791721867 11.83 45.31
925336302 11.86 45.32
6425127853 11.86 45.31
1769680642 11.81 45.32
798471297 11.81 45.31
798460460 11.82 45.31
5862263723 11.8 45.32
7194088012 11.78 45.36
7383327882 11.78 45.35
9004733657 11.79 45.33
6375741543 11.79 45.36
8039450669 11.78 45.34
5150539403 12.36 45.56
9455780600 12.55 45.63
7721417454 12.28 45.48
861749545 12.42 45.63
415799190 12.55 45.6
561217169 12.54 45.6
544940864 12.53 45.6
549937747 12.51 45.59
367727219 12.54 45.61
428959527 12.53 45.61
675637223 12.52 45.61
48150163 12.52 45.62
2391648578 12.52 45.59
1997020313 12.53 45.59
507861639 12.52 45.58
507873792 12.54 45.58
4258049737 12.54 45.57
4258049762 12.55 45.57
5363368855 12.01 45.5
1845166815 12.14 45.23
29492016 12.13 45.24
1681399250 12.16 45.23
7853883936 12.1 45.26
3611115088 12.11 45.26
1845755920 12.05 45.33
370444070 12.12 45.33
1584019596 12.11 45.33
7670660405 12.12 45.32
1680770763 12.11 45.32
392134534 12.01 45.39
9162630633 12.29 45.22
471529064 11.77 45.36
1830668598 12.07 45.36
3757918544 12.08 45.36
1887858057 12.08 45.37
5709040867 12.09 45.36
890761026 12.1 45.36
6414872719 12.11 45.36
3765659328 12.09 45.35
4023234235 12.12 45.39
1830646053 12.11 45.38
1273659500 11.81 45.37
2673046784 12.18 45.19
4374675225 12.19 45.19
1245604503 12.2 45.19
3886101158 11.76 45.35
5870327274 12.37 45.58
6409904220 12.04 45.37
4327199427 12.05 45.36
6469211860 12.08 45.4
4038617147 12.08 45.41
2471924886 12.06 45.41
2837267927 12.07 45.41
4314357958 12.05 45.41
1081061010 11.86 45.45
8097289040 11.82 45.45
1936550538 11.82 45.46
2391648571 12.47 45.59
1262563650 12.46 45.58
5054954995 12.45 45.61
452538544 12.45 45.62
631757836 12.44 45.61
9127947939 11.84 45.36
3788995783 11.82 45.35
913606196 12.5 45.6
379636187 12.51 45.6
474816931 12.53 45.65
474817054 12.54 45.65
4964577313 12.1 45.52
5310337609 12.09 45.52
8718704594 12.09 45.51
1631493251 12.1 45.53
3363614837 12.11 45.53
3078115923 12.08 45.53
1464058062 12.09 45.53
4879419353 11.93 45.57
1810066758 11.94 45.57
4702845760 11.92 45.52
8461771350 11.92 45.53
1570980703 11.8 45.41
8550538091 12.15 45.53
3061102226 12.14 45.52
3546462437 12.01 45.32
1664076315 12.0 45.32
4841374237 11.99 45.32
1583064087 12.0 45.3
2397061607 11.99 45.3
1664075858 11.99 45.31
2211688062 11.98 45.31
6958194445 11.98 45.32
8821008698 11.97 45.32
2218450388 12.01 45.3
6416610002 11.97 45.31
1373818021 11.99 45.29
6290598770 12.01 45.31
4841374268 12.0 45.31
3546318546 12.0 45.33
769134400 12.02 45.37
1932694596 12.03 45.37
482903393 12.02 45.4
482776104 12.03 45.4
1273659632 11.81 45.38
1985875272 12.32 45.54
1470908535 12.32 45.55
6419327347 12.33 45.54
1559454486 12.32 45.53
1559448417 12.33 45.53
6450942951 12.14 45.45
3430150331 12.13 45.46
6366735233 12.1 45.45
2760417942 11.96 45.47
1542392975 11.95 45.48
2623355810 12.05 45.47
1870284680 12.05 45.46
2129470124 12.04 45.47
2750194866 11.98 45.48
2750283124 11.97 45.48
6435826543 11.97 45.47
1810213299 11.94 45.48
4829128472 11.95 45.49
3057934352 11.94 45.45
1542522212 11.94 45.5
3664180794 11.95 45.5
6378439183 11.96 45.5
5731152016 11.95 45.51
6449363989 11.98 45.49
2766833466 11.99 45.49
2257462317 11.9 45.51
2062760266 11.9 45.52
6489388659 11.89 45.51
6489388625 11.89 45.5
2743730034 11.97 45.53
2472456347 11.99 45.53
1825545681 11.99 45.54
3058998069 11.98 45.54
2472456374 12.0 45.53
1825545550 12.0 45.54
407071674 11.99 45.55
1524580068 12.0 45.56
1524606263 11.99 45.56
3111510354 12.0 45.57
6432862207 12.05 45.59
621462220 12.06 45.59
58969696 12.11 45.58
4215501318 12.13 45.58
2764063561 12.01 45.51
304816779 12.0 45.51
1605375854 11.98 45.5
1633852151 11.99 45.5
407154163 12.02 45.51
1559089761 12.02 45.5
2472456304 11.99 45.52
2472456287 12.0 45.52
6381148691 11.99 45.51
1979097141 12.03 45.58
8223925207 12.03 45.45
8223948588 12.04 45.45
8458798197 12.02 45.45
2764634809 12.04 45.46
1462181662 11.94 45.55
2749994730 11.94 45.51
3057337214 11.97 45.52
1965770853 12.01 45.45
3993684223 12.0 45.49
3668367785 12.03 45.55
4964522441 12.03 45.54
6451524298 12.04 45.55
1632866964 12.03 45.56
4964522224 12.04 45.54
3668344272 12.05 45.55
3668309086 12.05 45.54
4973649412 12.15 45.59
2472515511 12.02 45.53
1846350117 12.01 45.52
8508349415 12.01 45.53
6409365728 11.98 45.52
3076491753 12.03 45.53
3710263392 12.06 45.57
3710277800 12.04 45.57
3710275066 12.05 45.57
6400437258 12.04 45.43
3350299171 12.05 45.43
2440210984 12.11 45.49
2651691684 12.11 45.5
6763911136 12.12 45.51
3048975916 12.14 45.59
4973649366 12.14 45.58
1738365995 12.15 45.58
2427212167 12.03 45.43
2427202930 12.02 45.43
6284664478 12.02 45.44
913271483 11.92 45.57
1447888556 12.34 45.56
2055879041 12.35 45.56
412128958 12.61 45.64
7499516801 12.61 45.63
1420487308 12.62 45.64
3804228516 11.85 45.35
1738366004 12.16 45.59
3057209396 11.92 45.54
1532639355 11.91 45.54
1958838353 11.87 45.55
1578870464 11.88 45.55
6449542158 11.89 45.54
3908518558 11.89 45.53
6458653038 11.88 45.49
412813200 11.88 45.5
6469904936 11.87 45.5
1977747404 11.88 45.51
494161497 12.58 45.6
494160576 12.58 45.61
1670407147 12.58 45.64
1538533780 12.59 45.63
2696829556 12.59 45.62
4939083226 12.49 45.62
1941974501 12.5 45.62
1908145850 12.34 45.6
6419057985 12.35 45.6
6388757900 12.35 45.61
1771419876 11.76 45.33
1689256000 11.8 45.37
8222744536 12.49 45.64
1969820475 12.61 45.49
919595851 12.44 45.43
1473250222 11.75 45.27
1415850061 11.76 45.27
350565558 11.74 45.26
569184920 11.75 45.26
417319310 11.74 45.28
7364860568 11.77 45.29
417306689 11.76 45.28
5723945945 11.76 45.24
448760520 12.58 45.58
729993369 12.6 45.6
447969406 12.6 45.58
448759881 12.59 45.58
448760516 12.59 45.57
419260580 12.6 45.57
4147842516 12.57 45.55
1736100877 12.62 45.54
5016279859 12.64 45.55
7512380171 12.64 45.56
1966768249 12.66 45.57
1413785333 12.64 45.58
1413785361 12.63 45.58
497332591 12.62 45.59
886138028 12.61 45.58
7813377621 11.82 45.43
6617663035 11.83 45.43
3645935347 11.82 45.42
2540027807 11.8 45.43
2539798832 11.81 45.44
2728928100 11.85 45.49
1539660440 11.85 45.5
1411659969 12.57 45.59
419885300 12.56 45.59
1973443989 12.44 45.46
2391648425 12.57 45.49
1695178453 12.63 45.52
14551396 12.61 45.54
447968443 12.6 45.54
1952748694 12.63 45.54
7341079029 12.65 45.54
7341080426 12.65 45.55
7320543361 12.65 45.5
3446623089 12.68 45.57
7532922345 12.69 45.59
3206256279 12.73 45.57
1102388500 12.72 45.56
9396760904 12.71 45.55
655163881 12.71 45.56
2972049251 12.7 45.56
423143240 12.72 45.55
421954425 12.73 45.58
655163829 12.71 45.57
314980273 11.93 45.45
6969484684 12.15 45.51
4827812849 12.17 45.59
1534009714 12.17 45.6
1456073629 12.17 45.61
4534593339 12.18 45.61
7512261444 12.71 45.54
7512261414 12.72 45.54
1562460256 12.72 45.53
7341548203 12.68 45.53
7512261478 12.67 45.53
1946017992 12.66 45.53
2823435895 12.65 45.53
7512308623 12.65 45.51
7333013196 12.64 45.52
2383992778 12.58 45.54
2560080774 12.56 45.63
3006620363 12.54 45.48
21683350 12.53 45.48
759971640 12.46 45.44
1538537658 12.6 45.63
4755039059 12.6 45.62
5226557259 12.67 45.51
1562809526 12.62 45.49
428089305 12.63 45.49
3508417639 11.81 45.28
1969820464 12.6 45.48
5744912919 12.59 45.48
429878596 11.82 45.3
4792296255 11.83 45.3
3455215630 12.62 45.57
886137874 12.61 45.57
5016279203 12.63 45.56
432482410 11.86 45.26
6447128665 11.85 45.26
8434882082 11.85 45.27
3857202765 11.82 45.28
430590357 11.8 45.27
1771742732 11.83 45.28
1461127525 11.83 45.29
2955526412 11.79 45.28
5626331238 11.78 45.28
1771630046 11.79 45.27
798443388 11.84 45.3
1461220947 11.85 45.3
430477213 11.84 45.29
3092818995 11.85 45.29
6444595529 12.34 45.55
2122312348 12.35 45.55
4167173384 11.85 45.28
1460983326 11.86 45.29
4791924552 11.81 45.33
1251961705 11.83 45.27
1833566919 11.86 45.27
925476937 11.87 45.27
1461577185 11.78 45.31
1881209675 12.39 45.44
1664078775 12.41 45.45
2932625048 12.4 45.44
3586806826 12.38 45.45
499479700 11.86 45.3
1825763513 11.88 45.21
1825779300 11.87 45.21
1614024357 11.86 45.21
4061218006 11.89 45.21
4850934963 11.87 45.23
4850934984 11.88 45.23
6896441395 11.86 45.23
6592874375 11.86 45.22
431607357 11.85 45.23
1328845942 11.85 45.24
6592918306 11.87 45.22
431615694 11.88 45.24
6415507743 11.88 45.22
431615533 11.87 45.24
431615732 11.86 45.24
3830527484 11.88 45.25
432502685 11.87 45.25
4061457135 11.86 45.25
8434882135 11.85 45.25
448758988 12.53 45.64
2616032076 12.52 45.65
432033224 11.89 45.23
3084403122 11.9 45.23
3820748879 11.91 45.23
3830891717 11.9 45.24
3566586361 11.92 45.23
3820748985 11.91 45.24
3567072836 11.89 45.24
8534318214 11.85 45.22
1614024370 11.85 45.21
7690879470 11.87 45.26
7690879466 11.88 45.26
1251961774 11.84 45.27
6395210323 11.88 45.27
6395210333 11.89 45.27
1241826981 11.9 45.27
1944403815 11.81 45.47
1936549344 11.81 45.46
4929605815 11.83 45.47
1676835845 11.82 45.48
6055136938 11.82 45.47
432502107 11.84 45.26
1251961251 11.83 45.26
432502986 11.89 45.25
432503036 11.89 45.26
432503092 11.9 45.26
717594489 11.94 45.24
1832280828 11.95 45.25
3817105759 11.94 45.25
3605492719 11.93 45.25
312087433 11.94 45.23
3600238469 11.96 45.23
1420382830 11.92 45.22
3820871739 11.91 45.22
629089518 11.89 45.22
1061828507 11.93 45.22
2490833290 11.93 45.21
1945611951 12.71 45.52
432970987 11.87 45.3
432970988 11.88 45.3
3792786314 11.88 45.29
3792448185 11.89 45.3
3792776363 11.89 45.29
3792448191 11.9 45.3
6371959243 12.31 45.62
1447872776 12.3 45.62
5185483257 12.59 45.49
6371959244 12.32 45.62
3683497149 12.32 45.61
433972564 11.82 45.27
1251961715 11.82 45.26
7661910068 11.81 45.26
433986526 11.8 45.26
1771629978 11.79 45.26
1251961325 11.81 45.27
6412557166 11.78 45.27
984710892 11.77 45.26
3396526700 12.08 45.5
6562855811 12.09 45.5
6471535377 12.08 45.51
2360105897 12.07 45.49
2193901297 12.1 45.49
6413205478 12.04 45.51
1559083847 12.04 45.5
3058997884 12.05 45.5
1870284699 12.05 45.51
434429230 11.9 45.28
5954345933 11.9 45.29
5954333482 11.91 45.28
8454573211 11.91 45.29
6145899874 11.9 45.32
9155676158 11.88 45.33
1162447871 11.88 45.32
1966762535 12.68 45.58
2685462676 12.67 45.59
4040303463 12.67 45.58
3206482570 12.72 45.61
7938478658 12.69 45.62
7422777888 12.71 45.61
7843608986 12.73 45.61
3589867990 11.8 45.23
598137929 11.76 45.25
7239162082 11.89 45.35
2340582593 11.9 45.35
912116523 11.88 45.34
1538461994 12.57 45.64
1121656116 11.82 45.51
1121656130 11.81 45.51
7682629837 11.78 45.26
3907230186 12.54 45.63
1741158432 12.57 45.56
1741158377 12.58 45.55
447967808 12.59 45.56
430939505 12.59 45.55
9343274491 11.92 45.21
3821194866 11.93 45.23
3682935051 11.94 45.22
413186933 12.59 45.61
512761473 12.59 45.65
1262564290 12.47 45.61
27371547 12.48 45.6
1262563534 12.46 45.61
1262563838 12.46 45.6
6363011119 11.97 45.46
1894275203 12.5 45.65
6416819496 12.01 45.46
983392902 12.08 45.46
6421433425 12.07 45.46
8465584384 12.06 45.46
2930667664 12.04 45.49
1631640326 12.05 45.49
2129470125 12.04 45.48
4582552073 12.01 45.49
3993684221 12.02 45.49
3993711837 12.03 45.49
3993684201 12.05 45.48
7604808235 12.64 45.57
454619189 12.63 45.57
1314753801 12.44 45.6
8591346084 12.43 45.6
1690505698 12.43 45.59
3048232678 12.42 45.6
5867623514 12.42 45.58
1262563373 12.44 45.59
1681775043 12.45 45.59
1690496979 12.45 45.58
1262564466 12.44 45.58
1262564508 12.44 45.57
4752554698 12.37 45.61
1447163072 12.38 45.61
8266609979 12.39 45.61
8846217877 12.41 45.57
2391648513 12.42 45.57
1843255773 12.35 45.39
1843255774 12.35 45.4
1289524289 12.32 45.34
1858645263 12.31 45.34
314980256 11.93 45.46
886137821 12.62 45.58
3430150332 12.13 45.47
2439027105 12.12 45.48
1841951523 12.34 45.38
8358848466 12.34 45.37
598111156 11.75 45.24
6901072001 11.75 45.25
7595887634 11.81 45.34
7392377841 11.77 45.33
1286389192 11.77 45.32
7834502517 12.41 45.62
8511831592 12.41 45.64
856669123 12.42 45.64
598479791 11.73 45.23
261767823 11.77 45.27
7248433159 12.15 45.47
6752900966 12.15 45.48
1376238405 12.15 45.5
4972547802 12.16 45.5
9439602758 12.16 45.48
1464328379 11.77 45.31
5937273648 11.76 45.31
609083235 11.75 45.31
1457184467 11.76 45.3
5200323213 11.77 45.28
2468529186 12.02 45.29
3911081574 12.11 45.46
2438892781 12.11 45.47
8354936476 11.8 45.33
4792021767 11.82 45.33
762508180 11.83 45.42
6442245515 11.86 45.59
5678091283 12.21 45.44
473741496 12.22 45.44
6436253332 12.23 45.44
7282366228 12.22 45.43
7282366218 12.22 45.42
4238979345 12.21 45.43
473745230 12.25 45.43
473745229 12.24 45.43
2853281400 12.25 45.42
473745766 12.23 45.43
3856142129 12.03 45.6
282713939 12.02 45.6
1979097231 12.02 45.59
3078114214 12.05 45.42
779171140 11.82 45.37
6411762022 11.94 45.6
8483615422 11.95 45.6
1324661241 12.33 45.49
3683560943 12.02 45.41
262573178 12.01 45.42
479858535 12.32 45.49
7849762233 12.06 45.39
6380735335 12.03 45.41
2061387832 12.04 45.4
7775225313 12.04 45.41
1922520371 11.8 45.46
1936549323 11.81 45.45
6347409426 12.16 45.53
1845756348 12.04 45.35
1373720744 12.04 45.34
1504077975 12.06 45.42
2473531900 12.1 45.43
1670777101 12.1 45.42
490020100 12.47 45.44
2591305766 12.12 45.41
3052615653 12.12 45.42
4020439397 12.11 45.41
2837497787 12.11 45.42
9347449560 12.43 45.56
595390959 12.4 45.56
906115532 12.53 45.57
8461349987 12.0 45.45
5351425798 11.99 45.45
2519701528 11.83 45.5
1731544057 11.82 45.5
616885485 11.98 45.45
1420487022 12.62 45.61
4754336922 12.62 45.62
2685462783 12.61 45.61
4754308542 12.63 45.61
1420486983 12.61 45.6
1722345745 12.6 45.61
494161494 12.58 45.59
7511425494 12.57 45.6
4755039061 12.61 45.62
1196130874 12.63 45.55
495125033 12.55 45.65
1918595889 11.89 45.33
7923772406 11.9 45.33
1828575693 11.95 45.34
4374675203 12.14 45.19
5306302743 12.14 45.2
4374675170 12.13 45.2
1969743636 12.15 45.19
1679844893 12.19 45.2
369111109 12.17 45.21
3159698208 12.21 45.2
612561366 12.66 45.59
2685462712 12.67 45.6
494270047 12.65 45.61
4754308561 12.64 45.61
1564355486 12.66 45.61
3206445520 12.66 45.6
1420486981 12.68 45.6
612572007 12.64 45.6
1413785381 12.63 45.59
4754138829 12.64 45.59
497330047 12.63 45.6
612569826 12.65 45.58
3401989659 11.8 45.4
3865663826 11.81 45.4
7160424979 11.81 45.41
4898411855 11.79 45.39
5787092686 12.18 45.5
2180145824 12.19 45.52
7475767537 12.2 45.52
1326363407 12.29 45.47
6146361891 11.91 45.31
1579571671 12.07 45.48
983391756 12.07 45.47
7853280303 12.06 45.48
2915651129 12.08 45.47
2623355839 12.06 45.47
912494969 12.5 45.59
913606035 12.49 45.6
2207472230 11.96 45.31
3487011101 11.95 45.31
3086181101 12.02 45.2
9073872399 11.93 45.31
1036250915 11.94 45.3
1601105091 11.94 45.32
1460916882 11.93 45.3
775578420 11.93 45.33
1061829068 11.92 45.29
6442915874 11.92 45.31
3441369957 11.99 45.28
2397132130 12.0 45.29
3841466507 12.04 45.27
6459194118 12.05 45.27
1914526096 12.06 45.27
3794752800 12.07 45.27
2219262828 12.05 45.28
573423363 12.06 45.29
2519592739 12.07 45.28
6411468358 12.08 45.28
2519528648 12.06 45.28
14551428 12.52 45.57
14551112 12.47 45.56
544958885 12.51 45.58
507909980 12.5 45.58
507913566 12.51 45.57
1538018483 11.93 45.58
1462181640 11.95 45.57
1676898882 11.81 45.49
510106787 11.8 45.49
412128923 12.65 45.65
3204800463 12.65 45.64
1420487311 12.64 45.64
511156218 12.66 45.65
3204795090 12.66 45.64
370938523 12.7 45.65
1255984653 11.86 45.46
1420487408 12.64 45.65
1420487388 12.63 45.65
7851350257 11.95 45.3
3053288343 11.99 45.59
1840147350 12.0 45.59
9295442280 12.0 45.58
2257651369 12.0 45.6
4892698737 11.98 45.59
3055093334 11.97 45.59
4960663218 11.98 45.6
1979031836 12.02 45.57
1472133178 12.02 45.58
6454397799 11.78 45.38
2573164789 11.78 45.39
7846822342 11.76 45.32
595579101 11.75 45.32
5375764676 12.37 45.63
5747910547 12.38 45.63
8860886252 12.34 45.61
2440191140 12.1 45.48
1262564117 12.46 45.57
947223905 12.48 45.57
4160836191 11.75 45.21
3685856133 12.23 45.62
1255984668 11.86 45.49
5401758951 12.03 45.42
973022767 12.1 45.5
896778824 12.19 45.24
541123767 12.2 45.23
896778998 12.2 45.24
888681377 12.19 45.23
1679929997 12.17 45.24
896779119 12.18 45.24
3086231359 12.16 45.24
9043686243 12.06 45.34
6453435895 12.16 45.57
541998367 12.16 45.58
6382958002 12.21 45.5
1560433145 12.34 45.54
1975860930 12.09 45.48
2698006379 12.1 45.47
2225863217 12.14 45.44
6364105928 12.28 45.47
350565538 11.74 45.27
1932475701 12.18 45.47
1675673026 12.17 45.47
8043013359 12.17 45.48
261767813 11.76 45.26
1586887896 11.74 45.25
1471926247 11.75 45.3
609069242 11.75 45.29
9409690301 12.09 45.26
1681544337 12.08 45.29
1681536949 12.09 45.28
2519638406 12.09 45.27
2519638449 12.08 45.27
3796164737 12.08 45.23
576503017 12.08 45.22
7725398363 12.09 45.22
3613457443 12.06 45.22
1456614256 12.07 45.22
5994801282 12.03 45.44
6471629875 12.07 45.5
1735013927 12.07 45.51
7188715027 12.06 45.51
6406254773 12.06 45.5
6422648215 11.86 45.54
1322694476 12.33 45.59
6451299498 12.2 45.51
595390839 12.38 45.57
762654596 12.35 45.59
2391648508 12.41 45.56
595390895 12.39 45.57
5407485060 12.39 45.56
491375999 12.45 45.55
14551298 12.46 45.56
595543810 11.76 45.36
5863826016 11.75 45.33
3475550988 12.07 45.43
3711692911 12.16 45.47
1332036221 12.38 45.52
1332036223 12.39 45.52
596660832 12.37 45.52
2625317013 12.38 45.53
1082928540 12.36 45.52
6304766709 12.35 45.51
4069764569 11.78 45.24
1420026128 11.78 45.21
1931100893 11.76 45.22
2920209770 11.72 45.23
891044683 12.11 45.44
4752554638 12.37 45.59
3009546740 12.38 45.59
1447163092 12.38 45.58
3778439847 12.23 45.46
1654317000 12.24 45.46
8084923518 12.23 45.45
1332036222 12.38 45.51
8711231976 11.79 45.42
6388622002 11.79 45.41
4686734691 11.78 45.42
3825689358 11.8 45.42
3300870715 11.92 45.36
4534059056 11.85 45.47
1959298169 11.86 45.47
1481080141 11.77 45.39
6355891987 12.33 45.55
7499399539 12.66 45.58
4754138833 12.65 45.59
5368654404 12.21 45.52
1760904848 12.14 45.47
1505629736 12.13 45.59
6466151635 12.13 45.6
6413817604 12.09 45.58
1866410843 12.08 45.58
7239162065 11.89 45.34
9110422929 11.9 45.34
2439336073 11.91 45.36
7554248384 11.9 45.36
5343410408 11.89 45.37
2066096676 11.92 45.37
1732756012 12.14 45.6
6460778131 12.15 45.61
1505648784 12.07 45.61
8280949463 12.07 45.6
3710263408 12.07 45.57
1866410787 12.07 45.58
7192524242 12.08 45.57
4962027332 12.07 45.56
8280949464 12.07 45.59
8804292355 12.03 45.59
6460590567 12.04 45.59
6413922076 12.05 45.6
3791720094 12.04 45.6
1373662607 11.95 45.26
3817107461 11.94 45.26
1738150109 11.83 45.21
3589736542 11.84 45.22
1614024425 11.84 45.21
9343274498 11.91 45.21
4061218035 11.9 45.22
4061218002 11.9 45.21
6415847234 12.2 45.53
979291695 11.91 45.3
1827784881 12.0 45.25
1832280940 11.96 45.26
653943312 11.99 45.25
5951094166 11.92 45.3
2194074182 11.96 45.3
2194074161 11.96 45.29
2208254640 11.95 45.29
2208382570 11.94 45.29
2208254573 11.96 45.28
2208382538 11.95 45.28
655163910 12.7 45.57
4040294751 12.69 45.57
1737771130 12.26 45.19
6300623329 11.9 45.55
6449542159 11.89 45.55
6507252984 11.9 45.56
2449882198 11.91 45.56
1883398549 11.91 45.55
8461765945 11.9 45.54
1989633153 11.88 45.57
2990449256 11.89 45.57
1731532919 11.9 45.57
8301431944 11.89 45.56
9343274427 11.91 45.2
291859586 11.77 45.38
7831540453 12.17 45.51
860564785 12.42 45.61
8390550818 12.43 45.61
2933910320 12.42 45.47
5230004528 11.92 45.34
1608985572 11.92 45.35
1618852223 11.91 45.35
3816626207 11.86 45.52
2503226617 11.85 45.51
1299503293 11.85 45.52
2728896496 11.84 45.51
1883632621 11.86 45.51
3526767862 11.87 45.52
1977747429 11.88 45.52
3922639984 11.89 45.52
1385721152 11.87 45.56
1958838355 11.86 45.55
3700705864 11.86 45.53
8888749988 11.91 45.32
4839093480 11.92 45.33
3683567322 12.29 45.61
2540027447 11.81 45.42
2540027812 11.81 45.43
1499849404 12.1 45.21
5305420602 12.11 45.22
3086181255 12.09 45.21
1969714748 12.14 45.21
1969714754 12.12 45.21
1969796824 12.13 45.22
6375741536 11.78 45.37
3401920015 11.78 45.41
7961233570 11.78 45.4
1972749837 12.54 45.46
4689587802 11.99 45.27
1456620093 12.11 45.23
1373576710 12.1 45.23
5503564191 11.77 45.37
5144444155 11.79 45.44
3168218174 11.79 45.43
769116230 11.8 45.44
3189843134 11.8 45.47
811714215 12.02 45.42
2218597167 12.04 45.28
6422560750 12.03 45.28
1549025405 12.03 45.27
4323616918 12.02 45.27
2259974786 12.02 45.28
7166913495 12.01 45.27
3543362724 12.01 45.26
1780183449 12.03 45.26
1815688075 12.02 45.26
1916182212 12.05 45.26
771470248 12.04 45.25
1845288180 12.1 45.25
1845288139 12.1 45.24
4689587789 11.99 45.26
3542403077 12.0 45.26
6388811584 12.0 45.27
761813054 12.01 45.28
1583103341 12.01 45.29
773243575 12.07 45.29
1716232556 12.1 45.27
2036165482 12.1 45.28
890468444 12.11 45.27
890004630 12.12 45.27
890467816 12.12 45.29
2036165459 12.12 45.28
1681537136 12.09 45.29
890467342 12.08 45.3
774654026 12.1 45.29
6457028021 12.11 45.29
7855410817 12.1 45.3
774653912 12.11 45.3
890468705 12.06 45.3
8571008209 12.02 45.3
2408756151 11.99 45.21
3600176380 11.98 45.21
1373625026 11.98 45.2
2358955928 12.23 45.42
2290277772 12.19 45.42
1084397656 12.2 45.42
2502780060 12.19 45.41
9192825381 12.06 45.54
540306659 12.07 45.53
8504047886 12.05 45.53
380988127 12.06 45.53
1559468671 11.99 45.48
6393009556 12.0 45.5
8421038172 12.03 45.52
2472515429 12.02 45.52
1461381654 12.08 45.56
5236853064 12.09 45.56
2519674393 11.82 45.52
1978381576 11.94 45.46
4065653877 12.04 45.42
6444924326 12.07 45.34
1936889933 12.07 45.35
1583683683 12.08 45.34
1936889901 12.06 45.35
890468155 12.09 45.31
3536933784 12.08 45.32
3084325312 12.07 45.32
3213824570 11.99 45.6
2558599308 11.97 45.6
3789768164 11.96 45.6
1845305737 12.08 45.31
2383369854 12.3 45.44
4744104974 12.28 45.61
980130372 12.27 45.61
4020439391 12.1 45.41
4041652033 12.1 45.4
4640219730 12.1 45.35
3716547978 12.12 45.36
4332024620 12.07 45.4
1149002633 11.98 45.22
3600111749 11.97 45.22
3598068592 11.99 45.22
8415487012 11.96 45.21
1569895185 11.97 45.21
3062893531 12.05 45.23
1373745534 12.05 45.24
1460086849 11.96 45.58
6400528588 11.96 45.59
1632867070 12.03 45.57
2525305452 11.96 45.57
1828069949 11.96 45.56
1973781323 12.01 45.57
3095945420 11.97 45.56
1824410427 11.97 45.58
1828117515 11.97 45.57
1979032195 12.01 45.59
1472123709 12.01 45.58
1456097362 12.12 45.58
7190290191 11.97 45.55
1537993907 11.93 45.6
4960663124 11.93 45.59
6396119854 11.92 45.6
7549862539 11.85 45.59
3805894825 11.87 45.57
4798771013 11.9 45.53
8461771329 11.91 45.53
1244584361 11.8 45.48
1835371551 12.3 45.18
4147842523 12.48 45.63
3070897461 12.48 45.64
9025414367 12.44 45.64
860543228 12.34 45.63
1815010691 12.35 45.63
1558024820 12.36 45.62
6466121249 12.35 45.62
860574979 12.36 45.61
2009563943 12.37 45.6
860571950 12.36 45.6
1558024778 12.36 45.63
3338683959 12.06 45.43
1583363799 12.45 45.63
1385791622 11.84 45.59
6466351620 12.14 45.51
1245769439 11.83 45.58
886137521 12.6 45.56
3092185794 12.2 45.21
3061984222 12.19 45.21
1679929895 12.21 45.21
896778835 12.15 45.23
890468210 12.09 45.3
1549003491 12.08 45.26
890761118 12.11 45.34
775578526 12.09 45.32
3796201867 12.09 45.25
6426532561 12.09 45.33
6426532556 12.1 45.33
5044509272 12.08 45.33
9425967053 12.09 45.34
890683206 12.08 45.35
1949772215 12.09 45.37
370444017 12.1 45.34
890719936 12.12 45.34
1831084332 12.07 45.37
3061355006 12.14 45.4
890987270 12.15 45.4
2625910469 12.15 45.38
890987495 12.16 45.38
2363075561 12.16 45.39
1553046495 12.14 45.39
2363075818 12.18 45.4
2436890859 12.16 45.41
2354584485 12.18 45.41
1371215503 12.3 45.34
2126825053 12.31 45.33
896779208 12.21 45.25
2222277722 12.15 45.24
897004681 12.14 45.24
3065487845 12.15 45.25
1373550392 12.12 45.23
3795242035 12.09 45.23
3796201850 12.09 45.24
1061828526 11.93 45.29
2283153422 11.94 45.21
3600183331 11.95 45.21
8415534481 12.0 45.22
1618852157 11.91 45.34
1883632610 11.87 45.51
4020439264 12.11 45.4
1829881013 12.09 45.39
3094192856 12.1 45.39
919734877 12.43 45.64
1039311829 11.93 45.32
2207472385 11.94 45.33
1969183562 11.94 45.31
4281733568 11.87 45.32
3046480414 12.74 45.64
1331978418 12.28 45.46
1547779701 12.03 45.23
3546462398 12.02 45.31
7498410528 11.91 45.33
1456836786 11.92 45.28
1832280780 11.97 45.25
1979031615 12.01 45.56
3988928666 12.33 45.63
1403084578 12.28 45.62
3683567309 12.3 45.61
8412182272 12.09 45.49
2334788804 12.08 45.49
314489853 12.12 45.5
2360106130 12.06 45.49
2623612180 12.09 45.47
2623612163 12.09 45.46
3128587436 11.82 45.25
1251961335 11.81 45.25
4077854130 11.81 45.22
1039311430 11.92 45.32
6427266902 12.27 45.62
7856554648 12.26 45.62
2696644396 12.36 45.51
2208382403 11.95 45.27
906923481 11.94 45.28
1583683621 12.07 45.33
6040096967 12.06 45.33
3896878371 12.06 45.32
1820175291 12.31 45.53
1082928606 12.36 45.53
2696644601 12.35 45.52
3600238465 11.97 45.23
2383992776 12.59 45.54
4085185689 11.83 45.22
3062923198 11.97 45.27
2208254239 11.96 45.27
2349198133 12.3 45.43
9160502591 12.45 45.47
1475989196 12.46 45.47
2770572817 11.83 45.56
1676899033 11.81 45.5
1676835917 11.84 45.49
1245769545 11.83 45.57
317474483 12.01 45.21
1373624906 12.01 45.2
1569895161 11.97 45.2
1832280762 11.97 45.24
3817641582 11.98 45.24
3597218471 11.99 45.24
3597218460 11.99 45.23
6388720213 11.8 45.25
3685133362 12.3 45.6
1244584221 11.81 45.48
1538018592 11.92 45.58
3114617534 11.92 45.59
1388413459 11.9 45.58
6432456406 11.88 45.58
6420316642 11.91 45.58
8903800328 11.9 45.6
1731532984 11.9 45.59
6400629460 11.95 45.56
2472065814 11.94 45.56
1255983694 11.87 45.49
1539660443 11.86 45.5
1255983164 11.88 45.56
924548776 12.45 45.56
4534593336 12.19 45.61
1283067626 11.79 45.4
7341080468 12.66 45.54
2519701551 11.84 45.5
2923858143 12.38 45.43
2127820637 12.3 45.26
1839134044 12.3 45.27
1694640065 12.32 45.32
1694623147 12.31 45.31
1023069488 12.31 45.3
1836674001 12.3 45.28
1972458505 12.3 45.29
2127484569 12.3 45.3
1560626525 12.35 45.53
245798955 12.49 45.47
1423428618 12.69 45.56
906914024 11.97 45.3
4283819601 12.27 45.51
1738150155 11.82 45.22
974266941 11.83 45.23
974266936 11.84 45.23
1329871527 11.79 45.22
1670777071 12.08 45.42
1632865960 12.04 45.53
1845090091 12.28 45.18
897005076 12.13 45.23
1916182284 12.07 45.26
1917899426 12.07 45.25
3081642877 12.11 45.21
1499849413 12.08 45.21
2556145479 12.15 45.2
2556145487 12.15 45.21
1499851317 12.16 45.2
1833291830 12.04 45.22
1833291806 12.05 45.21
4038260867 11.98 45.27
2208254500 11.97 45.28
2380065854 11.98 45.28
2469273451 11.98 45.29
3895288792 12.03 45.34
1373725872 11.91 45.27
2225210531 11.91 45.25
6434181784 11.92 45.26
1583063791 11.98 45.3
3669762390 12.17 45.52
5837863267 12.16 45.51
7101914801 12.13 45.51
2542803122 12.13 45.52
8718704623 12.11 45.52
1919985098 11.76 45.21
308364258 11.89 45.6
1403086523 12.29 45.62
1825657081 12.09 45.2
1499851298 12.12 45.2
576503088 12.07 45.2
317475982 12.06 45.2
1420382874 11.94 45.2
9032648384 12.68 45.62
1420486982 12.62 45.6
1420486990 12.67 45.61
1966684216 12.69 45.61
1420487123 12.64 45.63
1420487166 12.63 45.63
1420487174 12.62 45.63
7532867473 12.68 45.59
1420487327 12.63 45.64
6482320926 12.62 45.65
7499311528 12.67 45.62
3206459452 12.71 45.59
1420486840 12.69 45.58
3206459443 12.7 45.58
421952307 12.7 45.59
2077683116 12.67 45.55
4753714154 12.67 45.54
1505629760 12.12 45.59
6445233108 12.12 45.61
9282219805 12.13 45.61
2009563883 12.36 45.59
1461577033 11.78 45.3
1979097704 12.01 45.6
4962027338 12.06 45.56
1973781307 12.05 45.56
1436018894 12.59 45.5
1926673474 12.6 45.5
424052353 12.62 45.51
3269704876 12.4 45.59
1447163070 12.41 45.59
2492813684 12.39 45.58
2492813685 12.4 45.58
8789265183 12.39 45.59
1447163085 12.38 45.6
2507392087 12.07 45.21
1461381298 12.09 45.55
4334033373 12.14 45.54
3096983904 12.12 45.53
3668939895 12.12 45.54
2542803022 12.12 45.52
3698663660 12.13 45.54
8072760517 12.13 45.55
6423024950 12.12 45.55
6432436890 12.02 45.56
9160555802 12.44 45.47
4792707051 12.12 45.6
1499849394 12.11 45.2
3086181078 12.08 45.2
1499851299 12.1 45.2
1825657120 12.09 45.19
541123547 12.1 45.19
1833291787 12.06 45.21
1499851332 12.12 45.19
2706030436 12.09 45.43
8126732090 12.08 45.43
6425862392 12.08 45.6
6427026119 12.06 45.6
1968393720 12.67 45.63
9097539870 12.66 45.63
1535228987 12.05 45.2
8511321378 11.91 45.6
1538018806 11.91 45.59
1916182205 12.06 45.26
7635058630 12.18 45.46
5790300580 12.19 45.5
1562493153 12.69 45.51
1569895164 11.96 45.2
1601104939 11.95 45.32
1601105159 11.95 45.33
1949773438 12.11 45.37
1922528491 12.1 45.38
8072518657 12.08 45.52
3096336664 12.06 45.52
3096336668 12.07 45.52
1973781285 12.04 45.56
1679844855 12.2 45.2
316987602 11.97 45.45
1728006005 12.29 45.26
6411680443 12.14 45.61
3589867989 11.8 45.22
2244639260 12.21 45.53
6444557326 12.2 45.54
3668939873 12.13 45.53
1812292574 12.22 45.62
3441304356 12.0 45.28
7312138332 11.94 45.27
4023234246 12.11 45.39
1832280840 11.96 45.25
3795112539 12.08 45.24
1916181709 12.04 45.26
2290352887 12.13 45.45
598152411 11.77 45.21
1949772585 12.1 45.37
6420288476 12.12 45.37
1942116243 12.47 45.63
5054954960 12.46 45.63
1991652001 12.75 45.61
1942168153 12.74 45.6
7801124282 12.75 45.62
2191149845 12.58 45.53
7329277401 12.61 45.53
2036165464 12.11 45.28
2044285220 12.2 45.41
2354584469 12.17 45.41
2126825037 12.32 45.33
2225210494 11.9 45.25
2225210062 11.93 45.24
2490833273 11.93 45.2
3445234224 11.79 45.21
1177508373 12.0 45.2
2447601017 11.91 45.57
1177508660 11.92 45.2
5833471887 12.37 45.55
375847518 12.38 45.55
421951876 12.72 45.58
8084923467 12.24 45.45
5356639844 12.25 45.45
7101914812 12.13 45.5
2959587191 12.74 45.61
1564285855 12.74 45.59
412125846 12.74 45.65
6447070488 12.01 45.23
7851435083 11.98 45.26
7422777887 12.71 45.6
7734417687 12.76 45.64
7734075150 12.75 45.64
344174438 12.27 45.45
3054885428 11.8 45.21
3589867862 11.81 45.21
3676114486 11.82 45.21
3600111743 11.96 45.22
3796164865 12.07 45.24
4752167707 12.39 45.62
3596978083 12.17 45.19
7705715085 12.32 45.51
6699518726 12.4 45.57
8084923452 12.24 45.44
8084938661 12.25 45.44
3046481688 12.73 45.65
DRIVERS_STARTING_COORD
2706030436 12.09 45.43
456025609 12.32 45.56
1883809706 11.85 45.48
8504047886 12.05 45.53
7333329645 12.65 45.52
4281733587 11.84 45.32
3755857487 11.97 45.33
1524606263 11.99 45.56
8410075222 12.12 45.49
1845090091 12.28 45.18
890467342 12.08 45.3
1329871527 11.79 45.22
2490833290 11.93 45.21
4258049762 12.55 45.57
507873792 12.54 45.58
447968443 12.6 45.54
914964019 11.88 45.37
8043013359 12.17 45.48
7357041369 12.68 45.51
4796933368 12.26 45.5
5954333482 11.91 45.28
2439336073 11.91 45.36
6400629460 11.95 45.56
6466151635 12.13 45.6
1436018894 12.59 45.5
7938478658 12.69 45.62
9308154406 11.9 45.38
1459907331 12.37 45.42
3683560943 12.02 45.41
8615118663 12.09 45.59
8222744536 12.49 45.64
1255983486 11.87 45.47
5233638944 11.78 45.33
9347449560 12.43 45.56
8473228860 11.92 45.48
1539660440 11.85 45.5
1579571671 12.07 45.48
2542803122 12.13 45.52
5016279203 12.63 45.56
6752900966 12.15 45.48
291859586 11.77 45.38
DRIVERS_DESTINATION_COORD
1121656130 11.81 45.51
1550968929 12.19 45.45
1550968929 12.19 45.45
1447888556 12.34 45.56
2208382403 11.95 45.27
7320543361 12.65 45.5
3111510354 12.0 45.57
1549025405 12.03 45.27
1121656130 11.81 45.51
1549025405 12.03 45.27
7320543361 12.65 45.5
1550968929 12.19 45.45
7320543361 12.65 45.5
2208382403 11.95 45.27
3111510354 12.0 45.57
6469211860 12.08 45.4
1121656130 11.81 45.51
1121656130 11.81 45.51
6456811708 12.12 45.56
6456811708 12.12 45.56
1121656130 11.81 45.51
1550968929 12.19 45.45
1447888556 12.34 45.56
1550968929 12.19 45.45
6469211860 12.08 45.4
2208382403 11.95 45.27
3111510354 12.0 45.57
1550968929 12.19 45.45
7320543361 12.65 45.5
2208382403 11.95 45.27
3111510354 12.0 45.57
1549025405 12.03 45.27
1499849413 12.08 45.21
6456811708 12.12 45.56
1499849413 12.08 45.21
2208382403 11.95 45.27
1121656130 11.81 45.51
1550968929 12.19 45.45
1499849413 12.08 45.21
1550968929 12.19 45.45
1550968929 12.19 45.45
RIDERS_STARTING_COORD
4964577313 12.1 45.52
2623355810 12.05 45.47
1614024425 11.84 45.21
4929605815 11.83 45.47
1969743636 12.15 45.19
1471321699 12.59 45.6
6471792517 12.01 45.24
1032342183 11.96 45.39
1825508363 11.93 45.53
675637223 12.52 45.61
7503289572 11.88 45.31
3830527484 11.88 45.25
6471855307 12.03 45.25
6445233108 12.12 45.61
2360106130 12.06 45.49
2122312348 12.35 45.55
5675925014 12.17 45.45
5306302743 12.14 45.2
860564785 12.42 45.61
1833291830 12.04 45.22
9392808096 12.21 45.45
4427002629 12.22 45.53
1203765256 11.89 45.38
5005776234 12.33 45.6
6378439183 11.96 45.5
3350299171 12.05 45.43
5306302743 12.14 45.2
9091319573 12.17 45.54
3045496449 12.28 45.54
595390839 12.38 45.57
4323616918 12.02 45.27
890468444 12.11 45.27
6489388625 11.89 45.5
3053330574 12.04 45.58
415799190 12.55 45.6
4065653877 12.04 45.42
2759356229 12.58 45.63
6456812973 12.23 45.56
8789265201 12.39 45.6
432502986 11.89 45.25
6389083036 12.23 45.54
7512261444 12.71 45.54
798460460 11.82 45.31
8903800328 11.9 45.6
1420487308 12.62 45.64
4020439391 12.1 45.41
2436890859 12.16 45.41
3446623089 12.68 45.57
4841374237 11.99 45.32
3046480414 12.74 45.64
6592918306 11.87 45.22
6733462147 11.77 45.35
1959298169 11.86 45.47
4855608981 12.51 45.62
1251961774 11.84 45.27
6432474048 11.97 45.42
8254276140 12.1 45.56
237377304 12.12 45.46
860543673 12.34 45.62
890468210 12.09 45.3
8412182272 12.09 45.49
6621402013 11.9 45.42
426938583 12.52 45.48
2472456374 12.0 45.53
2338702665 11.94 45.59
1273659632 11.81 45.38
3164158739 12.09 45.44
1960550080 12.63 45.51
3441304356 12.0 45.28
1373720744 12.04 45.34
925336302 11.86 45.32
380988127 12.06 45.53
6752900966 12.15 45.48
1499849394 12.11 45.2
7661910068 11.81 45.26
5870327274 12.37 45.58
1751028319 11.95 45.37
1245769439 11.83 45.58
890987270 12.15 45.4
4939073015 12.44 45.62
1881209675 12.39 45.44
448758988 12.53 45.64
1973443989 12.44 45.46
1952748694 12.63 45.54
2283153422 11.94 45.21
3475550988 12.07 45.43
1716232268 12.15 45.22
2404189952 11.87 45.38
1830668806 12.03 45.39
1738150109 11.83 45.21
1833566919 11.86 45.27
3589867989 11.8 45.22
4309900372 11.98 45.46
761813054 12.01 45.28
3006922836 12.55 45.48
412128923 12.65 45.65
7422777888 12.71 45.61
1801226740 11.95 45.59
3084403122 11.9 45.23
1456097362 12.12 45.58
1991652001 12.75 45.61
349064706 12.24 45.53
474817054 12.54 45.65
1780183449 12.03 45.26
1632867070 12.03 45.57
6466121249 12.35 45.62
3070897461 12.48 45.64
6454397799 11.78 45.38
7813377621 11.82 45.43
8534190581 11.79 45.23
9097539818 12.65 45.63
8781064793 12.56 45.48
6415507743 11.88 45.22
3605117173 11.86 45.41
1757464234 12.11 45.51
7987457824 11.84 45.39
896779208 12.21 45.25
1601105091 11.94 45.32
2439336073 11.91 45.36
2391648571 12.47 45.59
RIDERS_DESTINATION_COORD
6456811708 12.12 45.56
7320543361 12.65 45.5
6469211860 12.08 45.4
2036165459 12.12 45.28
1499849413 12.08 45.21
6456811708 12.12 45.56
3111510354 12.0 45.57
1447888556 12.34 45.56
1499849413 12.08 45.21
1447888556 12.34 45.56
1550968929 12.19 45.45
2036165459 12.12 45.28
7320543361 12.65 45.5
7320543361 12.65 45.5
1121656130 11.81 45.51
1499849413 12.08 45.21
1121656130 11.81 45.51
1121656130 11.81 45.51
2208382403 11.95 45.27
1549025405 12.03 45.27
1549025405 12.03 45.27
3111510354 12.0 45.57
2208382403 11.95 45.27
3111510354 12.0 45.57
1499849413 12.08 45.21
3111510354 12.0 45.57
3111510354 12.0 45.57
7320543361 12.65 45.5
1550968929 12.19 45.45
3111510354 12.0 45.57
1121656130 11.81 45.51
7320543361 12.65 45.5
6456811708 12.12 45.56
2036165459 12.12 45.28
1549025405 12.03 45.27
1121656130 11.81 45.51
1549025405 12.03 45.27
2036165459 12.12 45.28
3111510354 12.0 45.57
1447888556 12.34 45.56
6456811708 12.12 45.56
6469211860 12.08 45.4
6456811708 12.12 45.56
1550968929 12.19 45.45
1447888556 12.34 45.56
1549025405 12.03 45.27
1121656130 11.81 45.51
1499849413 12.08 45.21
6469211860 12.08 45.4
6456811708 12.12 45.56
7320543361 12.65 45.5
3111510354 12.0 45.57
1549025405 12.03 45.27
3111510354 12.0 45.57
7320543361 12.65 45.5
1549025405 12.03 45.27
1499849413 12.08 45.21
7320543361 12.65 45.5
1447888556 12.34 45.56
1499849413 12.08 45.21
7320543361 12.65 45.5
2208382403 11.95 45.27
1549025405 12.03 45.27
6469211860 12.08 45.4
1121656130 11.81 45.51
7320543361 12.65 45.5
1499849413 12.08 45.21
1499849413 12.08 45.21
1499849413 12.08 45.21
1549025405 12.03 45.27
6469211860 12.08 45.4
1499849413 12.08 45.21
1550968929 12.19 45.45
2208382403 11.95 45.27
6469211860 12.08 45.4
3111510354 12.0 45.57
3111510354 12.0 45.57
3111510354 12.0 45.57
1499849413 12.08 45.21
1499849413 12.08 45.21
1550968929 12.19 45.45
1447888556 12.34 45.56
2036165459 12.12 45.28
2208382403 11.95 45.27
2208382403 11.95 45.27
1550968929 12.19 45.45
2036165459 12.12 45.28
2208382403 11.95 45.27
2036165459 12.12 45.28
1447888556 12.34 45.56
2036165459 12.12 45.28
2208382403 11.95 45.27
1550968929 12.19 45.45
1549025405 12.03 45.27
6456811708 12.12 45.56
1499849413 12.08 45.21
7320543361 12.65 45.5
1550968929 12.19 45.45
1121656130 11.81 45.51
1447888556 12.34 45.56
7320543361 12.65 45.5
2036165459 12.12 45.28
6469211860 12.08 45.4
6456811708 12.12 45.56
1550968929 12.19 45.45
6469211860 12.08 45.4
6456811708 12.12 45.56
2208382403 11.95 45.27
1447888556 12.34 45.56
1499849413 12.08 45.21
1121656130 11.81 45.51
1121656130 11.81 45.51
2036165459 12.12 45.28
3111510354 12.0 45.57
6456811708 12.12 45.56
6456811708 12.12 45.56
6469211860 12.08 45.4
7320543361 12.65 45.5
3111510354 12.0 45.57
1550968929 12.19 45.45
EOF